mov 1 dbug
new .1.1 4 00 ,001,000,000,000;
new .1.2 4 00 ,001,000,000,000;
new .1.3 4 00 ,001,000,000,000;
new .1.4 4 00 ,001,000,000,000;
new .2.1 4 00 ,001,000,000,000;
new .2.2 4 00 ,001,000,000,000;
new .2.3 4 00 ,001,000,000,000;
new .2.4 4 00 ,001,000,000,000;
new .2.6 4 00 ,001,000,000,000;
new .2.7 4 00 ,001,000,000,000;
new .2.3.1 4 00 ,001,000,000,000;
new .2.3.2 4 00 ,001,000,000,000;
new .2.5.1 4 00 ,001,000,000,000;
new .2.5.2 4 00 ,001,000,000,000;
new .2.5.3 4 00 ,001,000,000,000;
new .2.5.4 4 00 ,001,000,000,000;
new .3.1 4 00 ,001,000,000,000;
new .3.3 4 00 ,001,000,000,000;
new .3.4 4 00 ,001,000,000,000;
new .3.5 4 00 ,001,000,000,000;
new .3.6 4 00 ,001,000,000,000;
new .3.7 4 00 ,001,000,000,000;
new .3.8 4 00 ,001,000,000,000;
new .3.9 4 00 ,001,000,000,000;
new .3.10 4 00 ,001,000,000,000;
new .3.11 4 00 ,001,000,000,000;
new .3.12 4 00 ,001,000,000,000;
new .4.1 4 00 ,001,000,000,000;
new .4.2 4 00 ,001,000,000,000;
new .4.3 4 00 ,001,000,000,000;
new .4.4 4 00 ,001,000,000,000;
new .4.5 4 00 ,001,000,000,000;
new .4.6 4 00 ,001,000,000,000;
new .4.7 4 00 ,001,000,000,000;
new .4.8 4 00 ,001,000,000,000;
new .4.9 4 00 ,001,000,000,000;
new .4.10 4 00 ,001,000,000,000;
new .4.11 4 00 ,001,000,000,000;
new .4.12 4 00 ,001,000,000,000;
new .4.13 4 00 ,001,000,000,000;
new .4.14 4 00 ,001,000,000,000;
new .4.15 4 00 ,001,000,000,000;
new .5.2 4 00 ,001,000,000,000;
new .5.3 4 00 ,001,000,000,000;
new .5.4 4 00 ,001,000,000,000;
new .6.1 4 00 ,001,000,000,000;
new .6.2 4 00 ,001,000,000,000;
new .7.1 4 00 ,001,000,000,000;
new .7.2 4 00 ,001,000,000,000;
new .7.3 4 00 ,001,000,000,000;
new .8.1 4 00 ,001,000,000,000;
new .8.2 4 00 ,001,000,000,000;
new .8.3 4 00 ,001,000,000,000;
new .8.4 4 00 ,001,000,000,000;
new .9.1 4 00 ,001,000,000,000;
new .9.2 4 00 ,001,000,000,000;
new .9.3 4 00 ,001,000,000,000;
new .9.4 4 00 ,001,000,000,000;
new .11.1 4 00 ,001,000,000,000;
new .11.2 4 00 ,001,000,000,000;
new .11.3 4 00 ,001,000,000,000;
new .6.1.1 4 00 ,001,000,000,000;
new .6.1.2 4 00 ,001,000,000,000;
new .6.1.3 4 00 ,001,000,000,000;
new .6.2.1 4 00 ,001,000,000,000;
new .6.2.6 4 00 ,001,000,000,000;
new .6.2.7 4 00 ,001,000,000,000;
new .6.4.1 4 00 ,001,000,000,000;
new .6.4.2 4 00 ,001,000,000,000;
new .6.4.3 4 00 ,001,000,000,000;
new .6.4.4 4 00 ,001,000,000,000;
new .6.4.5 4 00 ,001,000,000,000;
new .6.4.6 4 00 ,001,000,000,000;
new .6.5.1 4 00 ,001,000,000,000;
new .6.5.2 4 00 ,001,000,000,000;
new .6.5.3 4 00 ,001,000,000,000;
end